029
MCQ   -5.40  -64.50  247.84  -54.50  158.95
KAT   -2.12  -46.63  188.24  -33.68  117.62
ADL   -2.11  -46.46  213.66  -34.67  138.65
CAN   -2.07  -45.98  226.14  -35.30  149.00
DLB   -1.57  -37.09  226.80  -27.18  151.20
BRV   -1.55  -36.58  212.96  -25.54  139.21
LEM   -1.46  -34.15  185.02  -22.22  114.10
DRW   -1.18  -23.13  202.68  -12.40  130.90
JIC    1.00    0.00  354.20  -12.00  283.10
MUT    1.00    3.58  191.57   14.37  121.02
GAM    1.01    4.57  214.76   13.58  144.87
THJ    1.05   13.00  174.00   24.00  102.70
LNP    1.06   13.80  189.50   25.00  121.17
CBI    1.14   20.59  213.00   27.15  142.30
KAG    1.16   21.90  200.60   31.48  130.72
EWA    1.17   22.67  269.36   21.32  202.00
BJI    1.47   34.37  188.40   40.06  116.18
TEO    1.31   29.10  330.10   19.70  260.80
ONW    1.38   31.65  212.51   38.43  141.47
YCB    1.42   33.00  178.70   38.50  106.30
RIK    1.48   34.70  210.80   43.50  143.80
KSH    1.48   34.60  148.40   39.50   76.00
MSR    1.51   35.60  209.50   44.37  142.27
MZL    1.63   38.50  186.80   49.60  117.40
PTK    2.06   45.80  221.40   52.97  158.25
MGD    2.63   51.90  213.20   60.05  150.73
ATH    4.45   61.70  306.20   54.70  246.70
CHD    5.46   64.67  212.12   70.62  147.89
TIX    5.89   65.67  196.88   71.59  128.78
